4	0.12528215	2
8	0.250221515	2
12	0.250283291	2
20	0.02019597	2
21	0.033527802	2
23	0.02559697	2
25	0.021582093	2
33	0.040061681	0
34	0.012398558	2
37	0.025000112	2
39	0.007210849	2
42	0.004583859	2
43	0.01225312	2
46	0.008072199	2
49	0.010397997	0
53	0.066609085	2
56	0.02215285	2
61	0.012574353	2
65	0.056443311	2
68	0.039767017	0
74	0.017332945	2
77	0.018404261	0
88	0.014118389	2
89	0.024926107	2
91	0.050077101	0
92	0.038236229	2
100	0.01384704	2
107	0.035348542	0
111	0.030736558	0
116	0.012398558	2
120	0.027515774	2
121	0.024377418	2
122	0.036324896	2
123	0.040287572	2
130	0.017119616	0
139	0.012533169	2
143	0.030581693	2
145	0.038873013	2
148	0.012398558	2
155	0.02340086	0
166	0.030604924	0
170	0.025468545	0
173	0.038236229	0
177	0.025031316	0