4	0.106650748
8	0.06436657
12	0.058640613
20	0.794650137
21	0.929114676
23	0.934327674
25	0.968261791
33	1.026416242
34	0.877254429
37	0.859862263
39	0.897501606
42	0.98601922
43	0.979562258
46	0.898741115
49	1.027694952
53	0.811761025
56	0.804630431
61	0.51457469
65	0.942658014
68	1.097179712
74	0.948826403
77	1.001788578
88	0.839484884
89	0.846622706
91	1.022956143
92  1.0
100	0.985610992
107	1.01441738
111	1.002438178
116	0.877254429
120	0.707221214
121	0.922121334
122	0.886867678
123	0.910311754
130	1.00571424
139	0.985708608
143	0.990712794
145	0.925095833
148	0.877254429
155	1.060093035
166	0.905983953
170	0.771253513
173	0.394504014
177	0.61458182
