4	41.2371134
8	41.61331959
12	39.43536738
20	41.84100418
21	49.00491989
23	55.59291866
25	43.53292345
33	53.50454789
34	50.07511267
37	52.1064722
39	40.95004095
42	17.27414061
43	30.96762395
46	23.32633543
49	19.55034213
53	38.07696743
56	36.99593045
61	26.15746796
65	63.89778967
68	40.61087311
74	24.23067604
77	21.24927695
88	31.91828918
89	55.00550055
91	59.2807778
100	33.13665819
107	56.62040986
111	54.8127938
116	57.50431282
120	31.76891581
121	50.06634193
122	43.51741818
123	56.15664135
130	39.43536738
139	27.79321845
143	40.37141704
145	48.50311772
148	46.94835681
155	57.97101449
166	43.83810388
170	35.64627643
177	29.59948193
